#!/bin/sh
case "$1" in
-c*)
# [ "$1" != "-cc" ] && q="[0m [1;35mG[0m [1;35mE[0m [1;35mT[0m   [1;35mI[0m [1;35mN[0m   [1;35mT[0m [1;35mH[0m [1;35mE[0m   [1;35mF[0m [1;35mU[0m [1;35mK[0m [1;35mK[0m [1;35mE[0m [1;35mN[0m  [1m [1;35mR[0m [1;35mO[0m [1;35mB[0m [1;35mO[0m [1;35mT[0m   [1;35mS[0m [1;35mH[0m [1;35mI[0m [1;35mN[0m [1;35mJ[0m [1;35mI[0m"
printf "\e[49m                     \e[38;5;7;49m▄\e[38;5;242;48;5;238m▄\e[49;38;5;252m▀\e[49m      \e[38;5;241;49m▄\e[38;5;252;48;5;234m▄\e[49m     \e[38;5;236;49m▄\e[38;5;109;49m▄\e[38;5;233;49m▄\e[49m               \e[m
\e[49m                  \e[38;5;245;49m▄\e[38;5;247;49m▄\e[38;5;254;48;5;253m▄\e[38;5;237;48;5;110m▄\e[49;38;5;240m▀\e[49m    \e[38;5;247;49m▄\e[38;5;255;49m▄\e[38;5;153;48;5;252m▄\e[38;5;74;48;5;254m▄\e[38;5;243;48;5;110m▄\e[38;5;240;48;5;236m▄\e[38;5;67;48;5;252m▄\e[38;5;241;48;5;15m▄\e[38;5;109;49m▄\e[38;5;8;49m▄\e[49m \e[49;38;5;152m▀\e[38;5;66;48;5;109m▄\e[38;5;116;48;5;238m▄\e[38;5;66;48;5;248m▄\e[38;5;195;48;5;243m▄\e[38;5;195;49m▄\e[49m           \e[m
\e[49m               \e[38;5;152;49m▄\e[38;5;254;49m▄\e[38;5;159;48;5;255m▄\e[38;5;15;48;5;15m▄\e[38;5;195;48;5;253m▄\e[38;5;153;48;5;109m▄\e[38;5;74;48;5;241m▄\e[49;38;5;233m▀\e[38;5;241;49m▄\e[38;5;152;49m▄\e[38;5;152;48;5;234m▄\e[38;5;159;48;5;255m▄\e[38;5;195;48;5;255m▄\e[38;5;15;48;5;152m▄\e[38;5;255;48;5;195m▄\e[38;5;250;48;5;7m▄\e[38;5;110;48;5;241m▄\e[38;5;7;48;5;73m▄\e[38;5;109;48;5;251m▄\e[38;5;73;48;5;67m▄\e[38;5;109;48;5;116m▄\e[38;5;235;48;5;247m▄\e[49m  \e[49;38;5;234m▀\e[38;5;152;48;5;252m▄\e[38;5;153;48;5;252m▄\e[38;5;15;48;5;152m▄\e[38;5;195;48;5;159m▄\e[38;5;159;48;5;152m▄\e[38;5;7;48;5;233m▄\e[38;5;253;49m▄\e[49m        \e[m
\e[49m           \e[38;5;59;49m▄\e[38;5;15;49m▄\e[38;5;255;48;5;233m▄\e[38;5;15;48;5;255m▄▄\e[38;5;253;48;5;15m▄\e[38;5;243;48;5;15m▄\e[38;5;232;48;5;15m▄\e[38;5;243;48;5;15m▄\e[38;5;152;48;5;117m▄\e[38;5;153;48;5;153m▄\e[38;5;102;49m▄\e[38;5;73;48;5;103m▄\e[38;5;117;48;5;117m▄\e[38;5;195;48;5;117m▄\e[38;5;250;48;5;15m▄\e[38;5;110;48;5;15m▄\e[38;5;74;48;5;110m▄\e[38;5;152;48;5;195m▄\e[38;5;254;48;5;66m▄\e[38;5;80;48;5;15m▄\e[38;5;117;48;5;245m▄\e[38;5;109;48;5;239m▄\e[38;5;110;48;5;73m▄\e[38;5;117;48;5;110m▄\e[38;5;67;48;5;0m▄\e[49m   \e[38;5;232;48;5;236m▄\e[38;5;159;48;5;159m▄\e[38;5;234;48;5;15m▄\e[38;5;233;48;5;234m▄\e[38;5;232;48;5;253m▄\e[38;5;59;48;5;195m▄\e[38;5;255;48;5;195m▄\e[38;5;195;48;5;252m▄\e[38;5;247;49m▄\e[49m      \e[m
\e[49m         \e[38;5;253;49m▄\e[38;5;15;48;5;254m▄\e[38;5;15;48;5;15m▄▄\e[38;5;145;48;5;15m▄\e[38;5;237;48;5;15m▄\e[38;5;232;48;5;249m▄\e[38;5;235;48;5;232m▄\e[38;5;238;48;5;232m▄\e[38;5;235;48;5;232m▄\e[38;5;0;48;5;232m▄\e[38;5;8;48;5;245m▄\e[38;5;152;48;5;152m▄\e[38;5;159;48;5;73m▄\e[38;5;153;48;5;116m▄\e[38;5;110;48;5;195m▄\e[38;5;152;48;5;255m▄\e[38;5;152;48;5;67m▄\e[38;5;152;48;5;74m▄\e[38;5;254;48;5;73m▄\e[38;5;246;48;5;152m▄\e[38;5;60;48;5;23m▄\e[38;5;75;48;5;73m▄\e[38;5;74;48;5;103m▄\e[38;5;73;48;5;254m▄\e[38;5;152;48;5;251m▄\e[38;5;253;48;5;195m▄\e[38;5;159;48;5;153m▄\e[38;5;239;49m▄\e[49m  \e[38;5;236;48;5;233m▄\e[38;5;195;48;5;195m▄\e[38;5;237;48;5;234m▄\e[38;5;238;48;5;236m▄\e[38;5;75;48;5;24m▄\e[38;5;68;48;5;234m▄\e[38;5;23;48;5;237m▄\e[38;5;237;48;5;255m▄\e[38;5;15;48;5;195m▄\e[38;5;15;48;5;243m▄\e[38;5;253;49m▄\e[49m    \e[m
\e[49m      \e[38;5;7;49m▄\e[38;5;15;48;5;246m▄\e[38;5;15;48;5;15m▄▄\e[38;5;251;48;5;15m▄\e[38;5;233;48;5;188m▄\e[38;5;234;48;5;102m▄\e[38;5;74;48;5;233m▄\e[38;5;81;48;5;237m▄\e[38;5;81;48;5;67m▄\e[38;5;81;48;5;68m▄\e[38;5;24;48;5;33m▄\e[38;5;234;48;5;234m▄\e[38;5;60;48;5;232m▄\e[38;5;236;48;5;233m▄\e[38;5;7;48;5;248m▄\e[38;5;188;48;5;15m▄\e[38;5;237;48;5;152m▄\e[38;5;235;48;5;254m▄\e[38;5;232;48;5;145m▄\e[38;5;152;48;5;249m▄\e[38;5;59;48;5;246m▄\e[38;5;175;48;5;145m▄\e[38;5;152;48;5;152m▄\e[38;5;236;48;5;116m▄\e[38;5;233;48;5;66m▄\e[49;38;5;245m▀\e[38;5;246;48;5;109m▄\e[38;5;152;48;5;152m▄\e[38;5;109;48;5;15m▄\e[38;5;254;48;5;253m▄\e[38;5;255;48;5;255m▄\e[49m  \e[38;5;254;48;5;252m▄\e[38;5;7;48;5;255m▄\e[38;5;67;48;5;60m▄\e[38;5;66;48;5;60m▄\e[38;5;116;48;5;75m▄\e[38;5;75;48;5;75m▄\e[38;5;81;48;5;75m▄\e[38;5;75;48;5;24m▄\e[38;5;25;48;5;239m▄\e[38;5;236;48;5;255m▄\e[38;5;15;48;5;15m▄\e[38;5;15;48;5;251m▄\e[38;5;234;49m▄\e[49m  \e[m
\e[49m    \e[38;5;145;49m▄\e[38;5;195;48;5;243m▄\e[38;5;81;48;5;255m▄\e[38;5;74;48;5;15m▄\e[38;5;238;48;5;15m▄\e[38;5;236;48;5;240m▄\e[38;5;74;48;5;233m▄\e[38;5;81;48;5;67m▄\e[38;5;159;48;5;81m▄\e[38;5;195;48;5;117m▄▄\e[38;5;153;48;5;117m▄\e[38;5;74;48;5;74m▄\e[38;5;39;48;5;23m▄\e[38;5;75;48;5;74m▄\e[38;5;81;48;5;75m▄\e[38;5;75;48;5;75m▄\e[38;5;32;48;5;239m▄\e[38;5;246;48;5;188m▄\e[38;5;15;48;5;109m▄\e[38;5;239;48;5;0m▄\e[38;5;0;48;5;233m▄\e[38;5;236;48;5;232m▄\e[38;5;181;48;5;248m▄\e[38;5;253;48;5;254m▄\e[38;5;234;48;5;66m▄\e[38;5;0;48;5;0m▄\e[48;5;0m \e[38;5;239;49m▄\e[38;5;109;48;5;241m▄\e[38;5;109;48;5;110m▄\e[38;5;255;48;5;188m▄\e[38;5;254;48;5;188m▄\e[38;5;195;48;5;255m▄\e[49m \e[38;5;242;48;5;249m▄\e[38;5;15;48;5;255m▄\e[38;5;239;48;5;145m▄\e[38;5;74;48;5;73m▄\e[38;5;254;48;5;109m▄\e[38;5;117;48;5;117m▄\e[38;5;153;48;5;75m▄\e[38;5;75;48;5;81m▄\e[38;5;117;48;5;117m▄\e[38;5;117;48;5;75m▄\e[38;5;81;48;5;24m▄\e[38;5;24;48;5;247m▄\e[38;5;254;48;5;15m▄\e[38;5;15;48;5;255m▄\e[38;5;243;49m▄\e[49m \e[m
\e[49m    \e[38;5;254;48;5;254m▄\e[38;5;117;48;5;159m▄\e[38;5;146;48;5;74m▄\e[38;5;235;48;5;249m▄\e[38;5;74;48;5;236m▄\e[38;5;117;48;5;74m▄\e[38;5;195;48;5;117m▄\e[38;5;15;48;5;195m▄\e[38;5;15;48;5;15m▄▄▄\e[38;5;67;48;5;195m▄\e[38;5;39;48;5;39m▄\e[38;5;74;48;5;75m▄\e[38;5;117;48;5;81m▄\e[38;5;123;48;5;117m▄\e[38;5;74;48;5;75m▄\e[38;5;75;48;5;39m▄\e[38;5;75;48;5;25m▄\e[38;5;60;48;5;8m▄\e[38;5;254;48;5;254m▄\e[38;5;251;48;5;232m▄\e[38;5;238;48;5;238m▄\e[38;5;232;48;5;254m▄\e[38;5;232;48;5;243m▄\e[38;5;232;48;5;241m▄\e[38;5;233;49m▄\e[38;5;253;48;5;248m▄\e[38;5;253;48;5;255m▄\e[38;5;109;48;5;246m▄\e[38;5;152;48;5;116m▄\e[38;5;188;48;5;255m▄\e[38;5;152;48;5;253m▄\e[38;5;66;48;5;152m▄\e[38;5;254;48;5;232m▄\e[38;5;253;48;5;255m▄\e[38;5;67;48;5;242m▄\e[38;5;74;48;5;68m▄\e[38;5;152;48;5;110m▄\e[38;5;247;48;5;109m▄\e[38;5;116;48;5;117m▄\e[38;5;153;48;5;195m▄\e[38;5;153;48;5;31m▄\e[38;5;75;48;5;117m▄\e[38;5;195;48;5;117m▄\e[38;5;159;48;5;117m▄\e[38;5;117;48;5;74m▄\e[38;5;68;48;5;236m▄\e[38;5;248;48;5;15m▄\e[38;5;15;48;5;15m▄\e[38;5;254;49m▄\e[m
\e[49m   \e[38;5;15;48;5;240m▄\e[38;5;159;48;5;159m▄\e[38;5;102;48;5;153m▄\e[38;5;31;48;5;241m▄\e[38;5;117;48;5;74m▄\e[38;5;195;48;5;117m▄\e[38;5;15;48;5;195m▄\e[38;5;15;48;5;15m▄\e[38;5;195;48;5;15m▄\e[38;5;15;48;5;15m▄▄\e[38;5;145;48;5;254m▄\e[38;5;32;48;5;32m▄\e[38;5;74;48;5;75m▄\e[38;5;243;48;5;110m▄\e[38;5;152;48;5;109m▄\e[38;5;245;48;5;15m▄\e[38;5;152;48;5;66m▄\e[38;5;145;48;5;68m▄\e[38;5;74;48;5;75m▄\e[38;5;75;48;5;68m▄\e[38;5;24;48;5;235m▄\e[38;5;241;48;5;255m▄\e[38;5;195;48;5;15m▄\e[38;5;195;48;5;59m▄\e[38;5;255;48;5;0m▄\e[38;5;251;48;5;232m▄\e[38;5;109;48;5;235m▄\e[38;5;15;48;5;254m▄\e[38;5;103;48;5;152m▄\e[38;5;110;48;5;116m▄\e[38;5;152;48;5;110m▄\e[38;5;253;48;5;109m▄\e[38;5;245;48;5;195m▄\e[38;5;188;48;5;59m▄\e[38;5;237;48;5;195m▄\e[38;5;67;48;5;237m▄\e[38;5;74;48;5;68m▄\e[38;5;110;48;5;74m▄\e[38;5;15;48;5;195m▄\e[38;5;241;48;5;246m▄\e[38;5;73;48;5;110m▄\e[38;5;153;48;5;159m▄\e[38;5;195;48;5;152m▄\e[38;5;67;48;5;32m▄\e[38;5;81;48;5;159m▄\e[38;5;15;48;5;195m▄\e[38;5;195;48;5;159m▄\e[38;5;117;48;5;81m▄\e[38;5;68;48;5;60m▄\e[38;5;153;48;5;116m▄\e[38;5;116;48;5;66m▄\e[m
\e[49m  \e[38;5;145;48;5;254m▄\e[38;5;159;48;5;15m▄\e[38;5;103;48;5;152m▄\e[38;5;75;48;5;23m▄\e[38;5;159;48;5;81m▄\e[38;5;15;48;5;195m▄\e[38;5;15;48;5;15m▄\e[38;5;252;48;5;15m▄\e[38;5;243;48;5;254m▄\e[38;5;240;48;5;109m▄\e[38;5;15;48;5;15m▄\e[38;5;102;48;5;15m▄\e[38;5;23;48;5;236m▄\e[38;5;32;48;5;32m▄\e[38;5;109;48;5;74m▄\e[38;5;242;48;5;236m▄\e[38;5;249;48;5;247m▄\e[38;5;238;48;5;233m▄\e[38;5;242;48;5;246m▄\e[38;5;236;48;5;235m▄\e[38;5;250;48;5;146m▄\e[38;5;74;48;5;75m▄\e[38;5;32;48;5;32m▄\e[38;5;60;48;5;23m▄\e[38;5;234;48;5;234m▄\e[38;5;233;48;5;242m▄\e[38;5;246;48;5;188m▄\e[38;5;188;48;5;248m▄\e[38;5;248;48;5;116m▄\e[38;5;255;48;5;255m▄\e[38;5;255;48;5;253m▄\e[38;5;195;48;5;109m▄\e[38;5;116;48;5;152m▄\e[38;5;116;48;5;254m▄\e[38;5;117;48;5;152m▄\e[38;5;233;48;5;232m▄\e[49;38;5;233m▀\e[49;38;5;235m▀\e[38;5;236;48;5;73m▄\e[38;5;152;48;5;116m▄\e[38;5;247;48;5;15m▄\e[38;5;152;48;5;238m▄\e[38;5;67;48;5;67m▄\e[38;5;67;48;5;116m▄\e[38;5;110;48;5;255m▄\e[38;5;251;48;5;239m▄\e[38;5;60;48;5;67m▄\e[38;5;110;48;5;255m▄\e[38;5;15;48;5;15m▄\e[38;5;195;48;5;195m▄\e[38;5;117;48;5;81m▄\e[38;5;110;48;5;195m▄\e[38;5;195;48;5;159m▄\e[m
\e[49m \e[38;5;247;49m▄\e[38;5;15;48;5;255m▄\e[38;5;234;48;5;255m▄\e[38;5;81;48;5;31m▄\e[38;5;195;48;5;159m▄\e[38;5;15;48;5;15m▄\e[38;5;254;48;5;15m▄\e[38;5;8;48;5;252m▄\e[49;38;5;245m▀\e[49m \e[38;5;255;48;5;247m▄\e[38;5;255;48;5;15m▄\e[38;5;236;48;5;241m▄\e[38;5;237;48;5;23m▄\e[38;5;233;48;5;25m▄\e[38;5;238;48;5;251m▄\e[38;5;251;48;5;241m▄\e[38;5;243;48;5;109m▄\e[38;5;241;48;5;189m▄\e[38;5;237;48;5;66m▄\e[38;5;60;48;5;67m▄\e[38;5;236;48;5;254m▄\e[38;5;254;48;5;109m▄\e[38;5;145;48;5;234m▄\e[38;5;247;48;5;0m▄\e[38;5;253;48;5;0m▄\e[38;5;195;48;5;238m▄\e[38;5;110;48;5;152m▄\e[38;5;241;48;5;66m▄\e[38;5;248;48;5;254m▄\e[38;5;66;48;5;247m▄\e[38;5;254;48;5;255m▄\e[38;5;15;48;5;15m▄\e[38;5;15;48;5;195m▄\e[38;5;255;48;5;81m▄\e[38;5;152;48;5;116m▄\e[38;5;102;48;5;232m▄\e[49m   \e[38;5;8;48;5;254m▄\e[38;5;188;48;5;248m▄\e[38;5;251;48;5;242m▄\e[38;5;235;48;5;66m▄\e[38;5;66;48;5;237m▄\e[38;5;110;48;5;237m▄\e[38;5;7;48;5;188m▄\e[38;5;235;48;5;236m▄\e[38;5;235;48;5;60m▄\e[38;5;0;48;5;246m▄\e[38;5;15;48;5;15m▄\e[38;5;195;48;5;159m▄\e[38;5;67;48;5;67m▄\e[38;5;255;48;5;195m▄\e[m
\e[38;5;245;49m▄\e[38;5;254;48;5;15m▄\e[38;5;117;48;5;152m▄\e[38;5;117;48;5;74m▄\e[38;5;15;48;5;159m▄\e[38;5;15;48;5;15m▄\e[38;5;255;48;5;255m▄\e[49;38;5;249m▀\e[49m   \e[38;5;251;48;5;15m▄\e[38;5;233;48;5;243m▄\e[38;5;234;48;5;234m▄\e[49;38;5;233m▀\e[38;5;242;48;5;0m▄\e[38;5;235;48;5;0m▄\e[38;5;60;48;5;59m▄\e[38;5;239;48;5;8m▄\e[38;5;238;48;5;232m▄\e[38;5;109;48;5;236m▄\e[38;5;110;48;5;234m▄\e[38;5;60;48;5;239m▄\e[38;5;66;48;5;243m▄\e[38;5;66;48;5;110m▄\e[38;5;110;48;5;255m▄\e[38;5;8;48;5;8m▄\e[38;5;250;48;5;245m▄\e[38;5;159;48;5;109m▄\e[38;5;254;48;5;254m▄\e[38;5;253;48;5;252m▄\e[38;5;254;48;5;116m▄\e[38;5;15;48;5;255m▄\e[38;5;242;48;5;255m▄\e[38;5;60;48;5;103m▄\e[38;5;7;48;5;60m▄\e[38;5;246;48;5;59m▄\e[38;5;254;48;5;66m▄\e[38;5;246;48;5;0m▄\e[38;5;255;49m▄\e[38;5;247;49m▄\e[38;5;253;48;5;102m▄\e[38;5;117;48;5;152m▄\e[38;5;103;48;5;255m▄\e[38;5;152;48;5;240m▄\e[38;5;7;48;5;109m▄\e[38;5;66;48;5;66m▄\e[38;5;242;48;5;67m▄\e[38;5;247;48;5;242m▄\e[38;5;233;48;5;232m▄\e[49m \e[49;38;5;243m▀\e[38;5;255;48;5;195m▄\e[38;5;67;48;5;67m▄\e[38;5;7;48;5;255m▄\e[m
\e[38;5;7;48;5;15m▄\e[38;5;152;48;5;15m▄\e[38;5;117;48;5;74m▄\e[38;5;15;48;5;195m▄\e[38;5;251;48;5;15m▄\e[49;38;5;242m▀\e[49m     \e[38;5;243;48;5;237m▄\e[49;38;5;0m▀\e[49m \e[38;5;238;48;5;246m▄\e[38;5;109;48;5;252m▄\e[38;5;68;48;5;59m▄\e[38;5;246;48;5;152m▄\e[38;5;234;48;5;243m▄\e[49;38;5;66m▀\e[49;38;5;236m▀\e[49;38;5;239m▀\e[38;5;241;48;5;240m▄\e[38;5;0;48;5;102m▄\e[38;5;247;48;5;247m▄\e[38;5;152;48;5;240m▄\e[38;5;153;48;5;67m▄\e[38;5;195;48;5;109m▄\e[38;5;15;48;5;195m▄\e[38;5;254;48;5;250m▄\e[38;5;103;48;5;242m▄\e[38;5;195;48;5;145m▄\e[38;5;254;48;5;7m▄\e[38;5;249;48;5;59m▄\e[38;5;23;48;5;146m▄\e[49;38;5;233m▀\e[49;38;5;234m▀\e[38;5;239;48;5;247m▄\e[38;5;236;48;5;252m▄\e[38;5;109;48;5;188m▄\e[38;5;254;48;5;109m▄\e[38;5;7;48;5;253m▄\e[38;5;234;48;5;60m▄\e[49;38;5;237m▀▀\e[38;5;0;48;5;233m▄\e[38;5;235;48;5;238m▄\e[38;5;232;48;5;234m▄\e[38;5;235;48;5;235m▄\e[38;5;235;48;5;233m▄\e[49m  \e[38;5;195;48;5;152m▄\e[38;5;254;48;5;109m▄\e[38;5;255;48;5;8m▄\e[m
\e[38;5;145;48;5;242m▄\e[38;5;80;48;5;75m▄\e[38;5;253;48;5;159m▄\e[38;5;235;48;5;255m▄\e[49m         \e[38;5;234;49m▄\e[38;5;116;48;5;246m▄\e[38;5;59;48;5;60m▄\e[38;5;240;48;5;66m▄\e[38;5;0;48;5;243m▄\e[49m     \e[38;5;246;48;5;232m▄\e[38;5;153;48;5;152m▄\e[38;5;159;48;5;117m▄\e[38;5;117;48;5;80m▄\e[38;5;249;48;5;248m▄\e[38;5;255;48;5;248m▄\e[38;5;103;48;5;246m▄\e[38;5;146;48;5;254m▄\e[38;5;255;48;5;255m▄\e[38;5;8;48;5;251m▄\e[38;5;109;48;5;24m▄\e[38;5;110;48;5;66m▄\e[38;5;234;49m▄\e[38;5;232;49m▄\e[38;5;238;48;5;232m▄\e[38;5;66;48;5;247m▄\e[38;5;238;48;5;152m▄\e[49;38;5;236m▀\e[38;5;237;48;5;247m▄\e[49m      \e[49;38;5;234m▀▀\e[49m  \e[38;5;109;48;5;152m▄\e[38;5;255;48;5;255m▄\e[38;5;234;48;5;188m▄\e[m
\e[38;5;153;48;5;189m▄\e[38;5;254;48;5;153m▄\e[49;38;5;253m▀\e[49m           \e[38;5;146;48;5;116m▄\e[38;5;152;48;5;254m▄\e[38;5;66;48;5;246m▄\e[38;5;237;48;5;232m▄\e[38;5;232;49m▄\e[49m \e[38;5;232;49m▄\e[38;5;234;49m▄\e[38;5;66;48;5;236m▄\e[38;5;15;48;5;7m▄\e[38;5;15;48;5;15m▄\e[38;5;195;48;5;159m▄\e[38;5;123;48;5;73m▄\e[38;5;74;48;5;110m▄\e[38;5;152;48;5;250m▄\e[38;5;249;48;5;109m▄\e[38;5;253;48;5;195m▄\e[38;5;188;48;5;251m▄\e[38;5;238;48;5;247m▄\e[38;5;110;48;5;60m▄\e[38;5;195;48;5;66m▄\e[38;5;254;48;5;110m▄\e[38;5;246;48;5;109m▄\e[38;5;188;48;5;235m▄\e[38;5;66;48;5;237m▄\e[38;5;245;49m▄\e[38;5;0;49m▄\e[49m           \e[38;5;145;48;5;103m▄\e[38;5;238;48;5;252m▄\e[49m \e[m
\e[38;5;109;48;5;110m▄\e[49;38;5;109m▀\e[49m            \e[38;5;241;48;5;145m▄\e[38;5;236;48;5;152m▄\e[38;5;255;48;5;117m▄\e[38;5;195;48;5;110m▄\e[38;5;117;48;5;67m▄\e[38;5;117;48;5;74m▄\e[38;5;117;48;5;110m▄\e[38;5;117;48;5;67m▄\e[38;5;240;48;5;152m▄\e[38;5;24;48;5;237m▄\e[38;5;235;48;5;255m▄\e[38;5;235;48;5;153m▄\e[38;5;239;48;5;67m▄\e[38;5;73;48;5;73m▄\e[38;5;74;48;5;60m▄\e[38;5;153;48;5;146m▄\e[38;5;253;48;5;252m▄\e[38;5;241;48;5;109m▄\e[38;5;237;48;5;103m▄\e[38;5;235;48;5;238m▄\e[38;5;74;48;5;153m▄\e[38;5;195;48;5;15m▄\e[38;5;15;48;5;253m▄\e[38;5;233;48;5;0m▄\e[49;38;5;232m▀\e[49;38;5;0m▀\e[49;38;5;235m▀\e[49m           \e[38;5;234;48;5;246m▄\e[49m  \e[m
\e[49;38;5;241m▀\e[49m              \e[49;38;5;8m▀\e[49;38;5;240m▀\e[38;5;232;48;5;145m▄\e[38;5;240;48;5;109m▄\e[38;5;235;48;5;152m▄\e[38;5;240;48;5;153m▄\e[38;5;246;48;5;255m▄\e[38;5;152;48;5;152m▄\e[38;5;249;48;5;74m▄\e[38;5;74;48;5;32m▄\e[38;5;236;48;5;32m▄\e[38;5;0;48;5;67m▄\e[38;5;233;48;5;237m▄\e[38;5;255;48;5;153m▄\e[38;5;243;48;5;15m▄\e[38;5;60;48;5;60m▄\e[38;5;237;48;5;60m▄\e[38;5;66;48;5;236m▄\e[38;5;236;48;5;233m▄\e[38;5;240;48;5;238m▄\e[38;5;15;48;5;240m▄\e[38;5;248;48;5;109m▄\e[38;5;254;48;5;255m▄\e[38;5;0;49m▄\e[49m                \e[m
\e[49m                   \e[49;38;5;232m▀\e[38;5;103;48;5;60m▄\e[38;5;66;48;5;235m▄\e[38;5;116;48;5;110m▄\e[38;5;237;48;5;236m▄\e[38;5;234;48;5;235m▄\e[49;38;5;0m▀\e[49m \e[38;5;233;48;5;240m▄\e[38;5;232;48;5;59m▄\e[38;5;242;48;5;66m▄\e[38;5;110;48;5;74m▄\e[38;5;60;48;5;60m▄\e[38;5;73;48;5;110m▄\e[38;5;240;48;5;110m▄\e[38;5;238;48;5;238m▄\e[38;5;232;48;5;15m▄\e[38;5;239;48;5;254m▄\e[49;38;5;254m▀\e[49m                 \e[m
\e[49m                   \e[38;5;251;48;5;8m▄\e[38;5;238;48;5;109m▄\e[38;5;60;48;5;117m▄\e[38;5;245;48;5;254m▄\e[38;5;67;48;5;74m▄\e[38;5;247;48;5;110m▄\e[38;5;66;48;5;234m▄\e[49m    \e[49;38;5;188m▀\e[38;5;252;48;5;109m▄\e[38;5;253;48;5;237m▄\e[38;5;246;48;5;67m▄\e[38;5;240;48;5;60m▄\e[38;5;59;48;5;7m▄\e[38;5;234;48;5;237m▄\e[38;5;60;48;5;242m▄\e[38;5;238;49m▄\e[38;5;232;49m▄\e[49m               \e[m
\e[49m                  \e[38;5;255;48;5;241m▄\e[38;5;60;48;5;234m▄\e[38;5;60;48;5;241m▄\e[38;5;247;48;5;8m▄\e[38;5;242;48;5;59m▄\e[38;5;66;48;5;235m▄\e[38;5;249;48;5;239m▄\e[38;5;66;48;5;60m▄\e[38;5;73;49m▄\e[49m     \e[49;38;5;251m▀\e[38;5;239;48;5;67m▄\e[38;5;240;48;5;238m▄\e[38;5;110;48;5;234m▄\e[38;5;240;48;5;60m▄\e[38;5;243;48;5;240m▄\e[38;5;247;48;5;248m▄\e[38;5;235;48;5;243m▄\e[49;38;5;238m▀\e[49m              \e[m
\e[49m                  \e[38;5;152;48;5;254m▄\e[38;5;237;48;5;152m▄\e[49;38;5;237m▀\e[38;5;255;48;5;240m▄\e[38;5;254;48;5;7m▄\e[49;38;5;66m▀\e[49;38;5;247m▀\e[38;5;249;48;5;109m▄\e[38;5;59;48;5;73m▄\e[49m        \e[49;38;5;232m▀\e[49;38;5;251m▀\e[38;5;236;48;5;0m▄\e[49;38;5;8m▀\e[49m                \e[m
\e[49m                  \e[49;38;5;8m▀\e[49m  \e[49;38;5;240m▀\e[49;38;5;239m▀\e[49m  \e[49;38;5;234m▀\e[49m                             \e[m
"
center_text() {
    text="$1"
    width=$(tput cols)
    
    # Remove ANSI escape codes for length calculation
    text_length=$(echo -e "$text" | sed 's/\x1b\[[0-9;]*m//g' | wc -m)
    
    padding=$(( (width - text_length) / 2 ))
    printf "%${padding}s%b\n" "" "$text"
}
# center_text "\e[33;1mHEART OF THE CARDS, GUIDE ME!\e[0m"
center_text "\e[36;1mH E A R T  O F  T H E  C A R D S ,  G U I D E  M E !\e[0m"
;;
-b) cat << X0
	                                                                                                    
                                                                                                    
                                        .*+                                                         
                                      :#*-             .+@.         =*=-.                           
                                    :#@+-           :=%%#*:::-=       -*=-=--:                      
                                 :+*@@+=:        .=%@%#**=:=**+=::.    :*%*=%%#-                    
                              .=#@@@%#+#-      =#@@%%@@#*-=*#*+*#%*:    .%%%@@@%%=.                 
                           .=%%%%@@@%***:  .=#%%%@@@@@%%*+@%****:.       =%%@@@@@@%*:               
                        .=@@@@@@@@@@@%#=. =%#%%@@@@#*#%%@@+**+*#*-        %%@*..=%@@@%-             
                     .=%@@@@@@%+.  .=@%*:***#%@@#=**+#@%**#%#**%%#-       %@+ ... :#@@@%-           
                  .=%@@@@@@%+:   .   :@%%##%@@@*=*#*%%+=*++*#%%#%%%-      %@+..-=-:.:#@@@%:         
                :*@@@@@@%+: .::--:.  .%@%@@%#%%%%#**#**+**#***%%%%%%.    .%@+:.-***=-::#@@@*:       
             .=%@@@@@%=:..:=***++:.. .=@@@@%%*%+=+*+*##%#=::=*#%@%%@=    *@@+=+-******=:=@@@%:      
           .+@@@@@@*:..=**##%%*+::-===:*%%*:. .+=:=*###:    .=##%%%@%   .%@%=*%=%%*###**-.*@@@=     
          :@@@@@@=..=*##%%%%%%*-=+****+:*@%*  . .=*#%*      .=*##%%@@   *@@*=*@*%%#*%%%#*+:=@@@*    
         -@%#***.:=*#%%%@@@@@%++***###++-=@@*.  :#*%*     .+%*##%%%%%  +@@+-*#@%#%%**%%%%#*==%@@*.  
        -%@%#%=.-*#%%@@@@@@@@#+***#%%%**+=:%@#: -%%**:   +@@**##@%%%* =@@==**%@*#%%%+*%%%%%*=-%@@*. 
       :%@%#%-:*#%%@@@@@@@@@#+***%%%%#+***=-*@@*:       -@@%*#%%@%%*:+@%==**#%@=*%%@*+*%@@%%#+:%@@= 
      .#@%%%:=*#%@@@@@@@@@@#=+**##*%##=##**=:=%@@%+: .::%@@***#%%%%*%@*-=+**%@%:+%%%@=+#@@@%%#*-%#*.
      +@%@*:+#%@@@@@@@%@@@%:=+*%-+%**#%%#**+=:.%@@@%%*%=%@@#**%@@%=**::=+***%@=:=#%%@%-*%@@@@%#**%%:
     -@@@+:*#%@@@@@@=.#@@%:-=+%=:**:=%:-*#**+===-::=#*@%%@@%#%%@%*#+.   .+*%@#=+=*#%%%==+%@@@@%**%%:
    :@@@+=*%@@@@@@+. .#@@::=+*%-=%=-%-:=##**+=-::..+=%%@@%@@@%#*%%%=      *%%*%=+++*+%*:=*%@@@@%#%%-
   .#@@*=*%@@@@@*:   .@@+::-=++:=**%=:===%#=-    :*%%+=%#=*@@@@%%#*=      :@%%+::-:=:+#--=.-%@@%#%@-
   +@@#=*%@@@@#:     :@#:::. -: +=%=::--==#%*%%+%@#**+%%**%%@@@@#=#%.     :%%%@*=++=#=*=:-  -%@@%%@-
  :%@%=*%@@@%=.      -%-..     .-=%::=-:-=-*%*@@++**%@@@#%@@%%*-:-+=*     .#%##%*+%=#%**::   =@@%%@:
  +@@+*%@@@%.        *+.     :==+*+=*##%#*==#**#=*%%*#@**#@@#===#:-%@%:..=+%##+*#-=*:*=+:.    %@%%%:
 :#@**%@@@=         .#.    :*=-#%#*=:    -===*=-+*%%@%#+*%%%**%=.  :-%%#**%*+:. :- +..:::.    :@%@*.
 -@#*%@@#:          .     .%#*+*-        :  :*##%%%%@@%#%@@%*-=.     ==#%@%*:    . .    :      ##@= 
 =%*%@@+.                 +%*=*:           :*%%%%%%%@@=#%@@==+*:     +%+=.:*:           .      +%#: 
 *##@@-                  :+#*++.          +%@%%%%+#%%*=#%%#*#+=*==..::.    ::                  =%=  
.**%%.                   .#++%=          .%@@@%#*+#@#%*@@@*--+#+**+=+-.                        =#:  
.*#*:                     **+#*==.. ..:=**%@@@@%%##%=#%@@%=:=*%@@@+=***=:.                     +:   
 **:                      =*#%%%%****#+**%.-%@%#+-==+*%%#*#*-=#@@@@-                          .:    
.=:                        .-=*%@%%%%#%%%===:-:-===*#%@%*--:.:+#%@@%                          .     
 .                           ::-*=*#%%@%%%#+*+*+=::#@@%=:-.+:.::==*%+                               
                                 ::::-==*%%==:.  ::%@+-=+++:==:*@@#=*                               
                                       -**+::.   .-+=*+=%-+#*-.:*#*:                                
                                     :+***:=-         =#=##**++==*=.                                
                                   .#=*%%%*%#*.         =**==+*=*=::-.                              
                                   =::=*%+:**=:           =%*=-::::-++=:                            
                                  ==-++*@::=*-*:           :+==-:=+*==-=-                           
                                  +*#=.*@=*=+#-+               :**=:-*=                             
                                  =#=  =@#*  *==                 .+-                                
                                  ==   :*%   .#.                   .                                
                                  :.    =.    :
X0
;;
*) cat << X0
 eva-logo: display an ascii art evangelion logo in your shell/editor
 usage: ./eva-logo [-c|-cc|-b|-h]
 flags:
   -c  : logo in 256 colors
	 -cc : logo "clean" (no cursing) in 256 colors
   -b  : logo in black and white (text only)
   -h  : display this message
 credits:
 ascii and script by @xero https://git.io/.files & https://x-e.ro
X0
;;
esac
exit 0
